block 380.0 420.0 20.0 20.0 0
jumppad 380.0 400.0 20.0 5.0 yellow
spike 400.0 420.0 20.0 17.320509 0
spike 420.0 420.0 20.0 17.320509 0
yellow orb 580.0 380.0 20.0
spike 440.0 420.0 20.0 17.320509 0
yellow orb 580.0 380.0 20.0
block 1760.0 420.0 20.0 20.0 0
jumppad 720.0 420.0 20.0 5.0 yellow
jumppad 840.0 420.0 20.0 5.0 yellow
jumppad 1080.0 420.0 20.0 5.0 yellow
jumppad 1100.0 420.0 20.0 5.0 yellow
wave portal 1120.0 360.0 30.0 100.0
yellow orb 580.0 380.0 20.0
spike 1400.0 220.0 20.0 17.320509 0
spike 1380.0 240.0 20.0 17.320509 0
spike 1360.0 260.0 20.0 17.320509 0
spike 1340.0 280.0 20.0 17.320509 0
spike 1320.0 300.0 20.0 17.320509 0
spike 1300.0 320.0 20.0 17.320509 0
spike 1280.0 340.0 20.0 17.320509 0
spike 1260.0 360.0 20.0 17.320509 0
spike 1240.0 380.0 20.0 17.320509 0
spike 1220.0 400.0 20.0 17.320509 0
spike 1200.0 420.0 20.0 17.320509 0
spike 1600.0 220.0 20.0 17.320509 0
spike 1620.0 240.0 20.0 17.320509 0
spike 1640.0 260.0 20.0 17.320509 0
spike 1660.0 280.0 20.0 17.320509 0
spike 1680.0 300.0 20.0 17.320509 0
spike 1700.0 320.0 20.0 17.320509 0
spike 1720.0 340.0 20.0 17.320509 0
spike 1740.0 360.0 20.0 17.320509 0
spike 1760.0 380.0 20.0 17.320509 0
spike 1780.0 400.0 20.0 17.320509 0
spike 1800.0 420.0 20.0 17.320509 0
jumppad 520.0 420.0 20.0 5.0 yellow
spike 1040.0 420.0 20.0 17.320509 0
spike 1020.0 420.0 20.0 17.320509 0
block 460.0 380.0 20.0 20.0 1
block 480.0 380.0 20.0 20.0 1
block 500.0 380.0 20.0 20.0 1
spike 540.0 420.0 20.0 17.320509 1
spike 560.0 420.0 20.0 17.320509 1
spike 580.0 420.0 20.0 17.320509 1
spike 600.0 420.0 20.0 17.320509 1
spike 620.0 420.0 20.0 17.320509 1
block 720.0 340.0 20.0 20.0 1
block 740.0 340.0 20.0 20.0 1
block 760.0 340.0 20.0 20.0 1
block 800.0 340.0 20.0 20.0 1
block 780.0 340.0 20.0 20.0 1
block 820.0 340.0 20.0 20.0 1
block 700.0 340.0 20.0 20.0 0
block 840.0 340.0 20.0 20.0 0
spike 700.0 320.0 20.0 17.320509 0
spike 840.0 320.0 20.0 17.320509 0
spike 900.0 420.0 20.0 17.320509 0
block 1160.0 260.0 20.0 20.0 0
block 1140.0 260.0 20.0 20.0 0
block 1180.0 240.0 20.0 20.0 0
block 1200.0 220.0 20.0 20.0 0
block 1220.0 200.0 20.0 20.0 0
block 1240.0 180.0 20.0 20.0 0
block 1280.0 140.0 20.0 20.0 0
block 1260.0 160.0 20.0 20.0 0
block 1300.0 120.0 20.0 20.0 0
block 1320.0 100.0 20.0 20.0 0
block 1340.0 80.0 20.0 20.0 0
block 1360.0 60.0 20.0 20.0 0
block 1380.0 40.0 20.0 20.0 0
block 1580.0 40.0 20.0 20.0 0
block 1400.0 40.0 20.0 20.0 0
block 1440.0 40.0 20.0 20.0 0
block 1420.0 40.0 20.0 20.0 0
block 1460.0 40.0 20.0 20.0 0
block 1500.0 40.0 20.0 20.0 0
block 1480.0 40.0 20.0 20.0 0
block 1520.0 40.0 20.0 20.0 0
block 1540.0 40.0 20.0 20.0 0
block 1560.0 40.0 20.0 20.0 0
block 1440.0 220.0 20.0 20.0 0
block 1420.0 220.0 20.0 20.0 0
block 1460.0 220.0 20.0 20.0 0
block 1480.0 220.0 20.0 20.0 0
block 1520.0 220.0 20.0 20.0 0
block 1500.0 220.0 20.0 20.0 0
block 1540.0 220.0 20.0 20.0 0
block 1560.0 220.0 20.0 20.0 0
block 1580.0 220.0 20.0 20.0 0
block 480.0 380.0 20.0 20.0 1
block 460.0 380.0 20.0 20.0 1
cube portal 1860.0 400.0 30.0 100.0
block 1960.0 420.0 20.0 20.0 0
block 2040.0 420.0 20.0 20.0 0
block 2040.0 400.0 20.0 20.0 0
block 2040.0 380.0 20.0 20.0 0
block 2120.0 420.0 20.0 20.0 0
block 2120.0 400.0 20.0 20.0 0
block 2120.0 380.0 20.0 20.0 0
block 2120.0 360.0 20.0 20.0 0
block 2120.0 340.0 20.0 20.0 0
spike 1980.0 420.0 20.0 17.320509 1
spike 2000.0 420.0 20.0 17.320509 1
spike 2020.0 420.0 20.0 17.320509 1
spike 2060.0 420.0 20.0 17.320509 1
spike 2080.0 420.0 20.0 17.320509 1
spike 2100.0 420.0 20.0 17.320509 1
yellow orb 2200.0 360.0 20.0
yellow orb 2280.0 360.0 20.0
spike 2220.0 420.0 20.0 17.320509 0
spike 2240.0 420.0 20.0 17.320509 0
spike 2240.0 420.0 20.0 17.320509 0
spike 2260.0 420.0 20.0 17.320509 0
spike 2140.0 420.0 20.0 17.320509 0
spike 2160.0 420.0 20.0 17.320509 0
spike 2200.0 420.0 20.0 17.320509 0
spike 2180.0 420.0 20.0 17.320509 0
spike 2280.0 420.0 20.0 17.320509 0
spike 2300.0 420.0 20.0 17.320509 0
spike 2320.0 420.0 20.0 17.320509 0
spike 2120.0 320.0 20.0 17.320509 1
block 2120.0 320.0 20.0 20.0 1
block 2040.0 360.0 20.0 20.0 1
block 1960.0 400.0 20.0 20.0 1
block 2440.0 160.0 20.0 20.0 0
block 2440.0 60.0 20.0 20.0 0
block 2440.0 80.0 20.0 20.0 0
block 2440.0 100.0 20.0 20.0 0
block 2440.0 120.0 20.0 20.0 0
block 2440.0 140.0 20.0 20.0 0
block 2440.0 180.0 20.0 20.0 0
block 2440.0 200.0 20.0 20.0 0
block 2440.0 220.0 20.0 20.0 0
block 2440.0 260.0 20.0 20.0 0
block 2440.0 240.0 20.0 20.0 0
block 2440.0 280.0 20.0 20.0 0
block 2440.0 300.0 20.0 20.0 0
block 2440.0 340.0 20.0 20.0 0
block 2440.0 360.0 20.0 20.0 0
block 2440.0 400.0 20.0 20.0 0
block 2440.0 380.0 20.0 20.0 0
block 2440.0 420.0 20.0 20.0 0
block 2440.0 320.0 20.0 20.0 0
block 1600.0 40.0 20.0 20.0 0
block 1620.0 40.0 20.0 20.0 0
block 1640.0 40.0 20.0 20.0 0
block 1660.0 60.0 20.0 20.0 0
block 1680.0 80.0 20.0 20.0 0
block 1700.0 100.0 20.0 20.0 0
block 1720.0 120.0 20.0 20.0 0
block 1740.0 140.0 20.0 20.0 0
block 1760.0 160.0 20.0 20.0 0
block 1780.0 180.0 20.0 20.0 0
block 1800.0 200.0 20.0 20.0 0
block 1820.0 220.0 20.0 20.0 0
block 1840.0 240.0 20.0 20.0 0
block 1860.0 260.0 20.0 20.0 0
block 1860.0 280.0 20.0 20.0 0
block 1860.0 300.0 20.0 20.0 0
