spike 400.0 420.0 20.0 17.320509
spike 660.0 420.0 20.0 9.320509
spike 680.0 420.0 20.0 17.320509
spike 1000.0 420.0 20.0 17.320509
spike 1020.0 420.0 20.0 17.320509
block 1040.0 420.0 20.0 20.0
spike 1060.0 420.0 60.0 5.320509
block 440.0 400.0 20.0 20.0
block 280.0 400.0 20.0 20.0
block 180.0 160.0 20.0 20.0
block 220.0 180.0 20.0 20.0
block 240.0 240.0 20.0 20.0
block 320.0 280.0 20.0 20.0
block 360.0 280.0 20.0 20.0
block 360.0 340.0 20.0 20.0
block 400.0 340.0 20.0 20.0
block 440.0 340.0 20.0 20.0
block 420.0 220.0 20.0 20.0
block 480.0 300.0 20.0 20.0
block 480.0 180.0 20.0 20.0
block 220.0 340.0 20.0 20.0
block 220.0 280.0 20.0 20.0
block 160.0 280.0 20.0 20.0
block 160.0 340.0 20.0 20.0
block 180.0 340.0 20.0 20.0
block 200.0 340.0 20.0 20.0
block 160.0 300.0 20.0 20.0
block 160.0 320.0 20.0 20.0
block 180.0 320.0 20.0 20.0
block 180.0 300.0 20.0 20.0
block 220.0 420.0 20.0 20.0
block 220.0 400.0 20.0 20.0
block 240.0 400.0 20.0 20.0
block 240.0 420.0 20.0 20.0
block 220.0 380.0 20.0 20.0
block 240.0 380.0 20.0 20.0
block 280.0 200.0 20.0 20.0
block 300.0 200.0 20.0 20.0
block 320.0 200.0 20.0 20.0
block 340.0 200.0 20.0 20.0
