spike 380.0 420.0 20.0 10.320509 0
spike 400.0 420.0 20.0 10.320509 0
spike 420.0 420.0 20.0 10.320509 0
spike 440.0 420.0 20.0 10.320509 0
yellow orb 410.0 380.0 20.0
spike 600.0 420.0 20.0 10.320509 0
spike 620.0 420.0 20.0 10.320509 0
spike 640.0 420.0 20.0 10.320509 0
spike 660.0 420.0 20.0 10.320509 0
yellow orb 630.0 380.0 20.0
spike 800.0 420.0 20.0 10.320509 0
spike 820.0 420.0 20.0 10.320509 0
spike 840.0 420.0 20.0 10.320509 0
spike 860.0 420.0 20.0 10.320509 0
spike 880.0 420.0 20.0 10.320509 0
spike 900.0 420.0 20.0 10.320509 0
yellow orb 830.0 380.0 20.0
block 920.0 420.0 20.0 20.0 0
spike 940.0 420.0 60.0 19.320509 1
block 1000.0 420.0 20.0 20.0 1
block 1000.0 400.0 20.0 20.0 0
yellow orb 1080.0 360.0 20.0
block 1320.0 420.0 20.0 20.0 0
block 1160.0 380.0 20.0 10.0 0
block 1180.0 380.0 20.0 10.0 0
block 1200.0 380.0 20.0 10.0 0
block 1220.0 380.0 20.0 10.0 0
spike 1020.0 420.0 140.0 27.320509 1
spike 1160.0 420.0 159.0 24.320509 1
spike 1340.0 420.0 20.0 17.320509 0
spike 1360.0 420.0 20.0 17.320509 0
spike 1520.0 420.0 20.0 17.320509 0
spike 1540.0 420.0 20.0 17.320509 0
block 1520.0 340.0 20.0 20.0 0
block 1540.0 340.0 20.0 20.0 0
block 1640.0 340.0 20.0 20.0 0
spike 1620.0 420.0 20.0 17.320509 0
spike 1640.0 420.0 20.0 17.320509 0
jumppad 1720.0 420.0 20.0 5.0 yellow
block 1600.0 340.0 20.0 20.0 0
block 1620.0 340.0 20.0 20.0 0
block 1660.0 340.0 20.0 20.0 0
block 1500.0 340.0 20.0 20.0 0
block 1560.0 340.0 20.0 20.0 0
block 1480.0 360.0 20.0 20.0 0
block 1480.0 340.0 20.0 20.0 0
block 1580.0 340.0 20.0 20.0 0
block 1580.0 360.0 20.0 20.0 0
block 1680.0 340.0 20.0 20.0 0
block 1680.0 360.0 20.0 20.0 0
block 1800.0 400.0 20.0 20.0 1
block 1820.0 400.0 20.0 20.0 1
block 1840.0 400.0 20.0 20.0 1
block 1860.0 400.0 20.0 20.0 1
spike 1860.0 380.0 20.0 17.320509 0
spike 1740.0 420.0 160.0 15.320509 1
spike 1900.0 420.0 161.0 15.320509 1
block 1880.0 400.0 20.0 20.0 1
block 1900.0 400.0 20.0 20.0 1
block 1920.0 400.0 20.0 20.0 1
block 1940.0 400.0 20.0 20.0 1
block 1960.0 400.0 20.0 20.0 1
block 1980.0 400.0 20.0 20.0 1
block 2060.0 420.0 20.0 20.0 0
block 2140.0 400.0 20.0 20.0 0
spike 2140.0 380.0 20.0 17.320509 0
spike 2220.0 420.0 20.0 17.320509 0
block 2240.0 420.0 20.0 20.0 1
block 2240.0 400.0 20.0 20.0 0
spike 2260.0 420.0 139.0 17.320509 1
block 2400.0 420.0 20.0 20.0 1
block 2400.0 400.0 20.0 20.0 0
yellow orb 2300.0 378.0 20.0
block 2500.0 380.0 20.0 20.0 0
block 2500.0 360.0 20.0 20.0 0
block 2500.0 340.0 20.0 20.0 0
block 2480.0 340.0 20.0 20.0 0
block 2480.0 360.0 20.0 20.0 0
block 2480.0 380.0 20.0 20.0 0
spike 2600.0 420.0 20.0 17.320509 0
spike 2620.0 420.0 20.0 17.320509 0
block 2640.0 420.0 20.0 20.0 0
block 2920.0 380.0 20.0 20.0 0
block 2760.0 410.0 20.0 10.0 0
block 2720.0 390.0 20.0 10.0 0
block 2840.0 390.0 20.0 10.0 0
block 2920.0 400.0 20.0 20.0 1
block 2920.0 420.0 20.0 20.0 1
spike 2660.0 420.0 264.0 8.320511 1
spike 3040.0 420.0 20.0 17.320509 0
spike 3060.0 420.0 20.0 17.320509 0
spike 3080.0 420.0 20.0 17.320509 0
block 3000.0 410.0 20.0 10.0 0
block 3020.0 410.0 20.0 10.0 0
block 2960.0 390.0 20.0 10.0 0
spike 3220.0 420.0 20.0 17.320509 0
spike 3240.0 420.0 20.0 17.320509 0
spike 3320.0 420.0 20.0 17.320509 0
spike 3340.0 420.0 20.0 17.320509 0
block 3400.0 400.0 20.0 20.0 0
spike 3400.0 380.0 20.0 17.320509 0
spike 3480.0 420.0 20.0 17.320509 0
spike 3560.0 420.0 20.0 17.320509 0
block 3600.0 360.0 20.0 20.0 0
block 3620.0 360.0 20.0 20.0 0
block 3640.0 360.0 20.0 20.0 0
block 3660.0 360.0 20.0 20.0 0
block 3680.0 360.0 20.0 20.0 0
block 3700.0 360.0 20.0 20.0 0
block 3720.0 360.0 20.0 20.0 0
block 3740.0 360.0 20.0 20.0 0
block 3760.0 360.0 20.0 20.0 0
jumppad 3820.0 420.0 20.0 5.0 yellow
block 3880.0 420.0 20.0 20.0 1
block 3880.0 400.0 20.0 20.0 1
block 3880.0 380.0 20.0 20.0 1
spike 3880.0 360.0 20.0 17.320509 0
block 3860.0 400.0 20.0 20.0 1
block 3860.0 420.0 20.0 20.0 1
spike 3860.0 380.0 20.0 17.320509 0
block 4200.0 400.0 20.0 20.0 1
block 4200.0 420.0 20.0 20.0 1
block 4200.0 380.0 20.0 20.0 1
block 4220.0 380.0 20.0 20.0 1
block 4220.0 400.0 20.0 20.0 1
block 4240.0 420.0 20.0 20.0 1
block 4220.0 420.0 20.0 20.0 1
block 4240.0 400.0 20.0 20.0 1
block 4240.0 380.0 20.0 20.0 1
block 4260.0 380.0 20.0 20.0 1
block 4260.0 400.0 20.0 20.0 1
block 4260.0 420.0 20.0 20.0 1
yellow orb 3932.0 380.0 20.0
yellow orb 4012.0 360.0 20.0
