340.0 420.0
500.0 420.0 20 10
520.0 420.0
680.0 420.0
700.0 420.0
740.0 420.0
760.0 420.0
780.0 420.0
820.0 420.0
840.0 420.0
860.0 420.0
1080.0 420.0
1100.0 420.0
1360.0 420.0
1380.0 420.0
1400.0 420.0
1640.0 420.0
1660.0 420.0
1680.0 420.0
1840.0 380.0
2560.0 300.0
2580.0 300.0
2600.0 300.0
2620.0 300.0
1980.0 420.0
2000.0 420.0
2020.0 420.0
2040.0 420.0
2060.0 420.0
2080.0 420.0
2100.0 420.0
2120.0 420.0
2140.0 420.0
2160.0 420.0
2180.0 420.0
2200.0 420.0
2220.0 420.0
2240.0 420.0
2260.0 420.0
2280.0 420.0
2320.0 420.0
2300.0 420.0
2340.0 420.0
2360.0 420.0
2380.0 420.0
2400.0 420.0
2420.0 420.0
2440.0 420.0
2460.0 420.0
2700.0 300.0
2720.0 300.0
2740.0 300.0
2760.0 300.0
2940.0 280.0
2960.0 280.0
2980.0 280.0
3000.0 280.0
3160.0 300.0
3180.0 340.0
3480.0 340.0
3660.0 360.0
3920.0 420.0
3940.0 420.0
3960.0 420.0
3980.0 420.0
4000.0 420.0
4020.0 420.0
4040.0 420.0
4060.0 420.0
