720.0 420.0 false
800.0 420.0 false
800.0 400.0 false
880.0 380.0 false
2040.0 380.0 20 10 false
2120.0 360.0 20 10 false
2200.0 340.0 20 10 false
2280.0 320.0 20 10 false
2360.0 300.0 20 10 false
2460.0 320.0 false
2480.0 420.0 400 120 false
880.0 420.0 20 40 false
1200.0 420.0 160 20 false
1420.0 420.0 220 20 false
1700.0 420.0 280 40 false
2440.0 320.0 false
2580.0 280.0 20 10 false
2600.0 280.0 20 10 false
2720.0 280.0 20 10 false
2740.0 280.0 20 10 false
2880.0 420.0 200 100 false
2940.0 290.0 20 10 false
2960.0 290.0 20 10 false
2980.0 290.0 20 10 false
3000.0 290.0 20 10 false
3080.0 420.0 100 120 false
3300.0 360.0 false
3320.0 360.0 false
3340.0 360.0 false
3360.0 360.0 false
3420.0 350.0 20 10 false
3440.0 350.0 20 10 false
3460.0 350.0 20 10 false
3480.0 350.0 20 10 false
3180.0 420.0 120 80 false
3540.0 370.0 20 10 false
3560.0 370.0 20 10 false
3580.0 370.0 20 10 false
3600.0 370.0 20 10 false
3620.0 370.0 20 10 false
3640.0 370.0 20 10 false
3660.0 370.0 20 10 false
3700.0 390.0 20 10 false
3720.0 390.0 20 10 false
3740.0 390.0 20 10 false
3760.0 390.0 20 10 false
3780.0 390.0 20 10 false
3860.0 370.0 20 10 false
3940.0 350.0 20 10 false
4020.0 330.0 20 10 false
4100.0 310.0 20 10 false
4180.0 290.0 20 10 false
4220.0 360.0 false
4240.0 360.0 false
4260.0 360.0 false
4280.0 360.0 false
4300.0 360.0 false
4320.0 360.0 false
4340.0 420.0 1000 80 false
4260.0 270.0 20 10 false
5320.0 360.0 true