340.0 420.0
500.0 420.0 20 10
520.0 420.0
680.0 420.0
700.0 420.0
740.0 420.0
760.0 420.0
780.0 420.0
820.0 420.0
840.0 420.0
860.0 420.0
1080.0 420.0
1100.0 420.0
1360.0 420.0
1380.0 420.0
1400.0 420.0
1640.0 420.0
1660.0 420.0
1680.0 420.0
1840.0 380.0
2560.0 300.0
2580.0 300.0
2600.0 300.0
2620.0 300.0
2700.0 300.0
2720.0 300.0
2740.0 300.0
2760.0 300.0
2940.0 280.0
2960.0 280.0
2980.0 280.0
3000.0 280.0
3160.0 300.0
3180.0 340.0
3480.0 340.0
3660.0 360.0
4260.0 260.0
4380.0 340.0
4400.0 340.0
4420.0 340.0
4480.0 340.0
4500.0 340.0
4520.0 340.0
4600.0 340.0
4620.0 340.0
4640.0 340.0
4720.0 340.0
4740.0 340.0
4760.0 340.0
4840.0 340.0
4860.0 340.0
4880.0 340.0
4960.0 340.0
4980.0 340.0
5000.0 340.0
5100.0 340.0
5120.0 340.0
5140.0 340.0
5220.0 340.0
5240.0 340.0
5260.0 340.0
